82
COLFE1500-13_Tetrops_starkii_COI-5P_KJ964167_size_29_                                                                                  0.0000000 0.2806753 0.2469186 0.1863301 0.1853174 0.2383595 0.1859007 0.2744377 0.2343724 0.1836261 0.5189521 0.2324130 0.1631427 0.2831615 0.2395901 0.2810749 0.1881706 0.2539878 0.2391530 0.2836497 0.1887139 0.1830944 0.3012201 0.2904710 0.2817045 0.2800432 0.2497456 0.2842553 0.1763983 0.2868840 0.2619619 0.1768735 0.1543767 0.2760824 0.2550235 0.2843148 0.2593737 0.2613769 0.1856606 0.2806753 0.2702937 0.0077893 0.2613367 0.2016728 0.2078279 0.1892352 0.1730312 0.2812639 0.2646365 0.2757230 0.2098449 0.2628417 0.1892402 0.2730397 0.2000824 0.1853320 0.1792441 0.3045111 0.1779302 0.2714821 0.1834478 0.2820293 0.2698031 0.1763983 0.2662771 0.1870340 4.8166966 0.2058143 0.1989067 0.2719846 0.2406783 0.2858363 0.2816388 0.1775714 0.1830426 6.4310737 0.1880566 0.1723057 0.2572367 6.3005802 0.1881525 0.2081709 
FBCOQ126-13_Phytoecia_coerulescens_COI-5P_KM451540_size_23_                                                                            0.2806753 0.0000000 0.1315682 0.2885655 0.2944071 0.1341938 0.2954613 0.0030649 0.1084186 0.2912800 0.6293127 0.1166735 0.2765210 0.0000010 0.1323790 0.0306679 0.2964650 0.1157808 0.1319982 0.0015276 0.2991753 0.2886405 0.1553328 0.1341531 0.0015263 0.0305347 0.1310332 0.0015287 0.2806533 0.0342056 0.1251877 0.2816771 0.2704213 0.0103578 0.1219995 0.0015292 0.0046482 0.1249710 0.2950611 0.0030600 0.1321032 0.2838996 0.1343070 0.3089451 0.2943797 0.2923454 0.2822607 0.0081470 0.1354906 0.1353168 0.3083884 0.1306400 0.2990464 0.1377767 0.3011388 0.2929475 0.2801754 0.0282989 0.2784768 0.1292281 0.2848124 0.1356200 0.0817054 0.2764869 0.0837821 0.2897485 5.5058759 0.3040563 0.3040425 0.0030735 0.1182927 0.0340570 0.0082145 0.2719988 0.2853029 6.7245007 0.2808050 0.2629828 0.1381656 5.9204446 0.2990622 0.2995872 
FBCOQ095-13_Phytoecia_nigricornis_COI-5P_KM447456_size_18_                                                                             0.2469186 0.1315682 0.0000000 0.2857853 0.2692319 0.0679932 0.2701955 0.1270849 0.0596732 0.2826865 0.6474158 0.0605765 0.2790828 0.1315768 0.0608050 0.1262607 0.2728497 0.0000010 0.0016402 0.1337765 0.2737673 0.2817187 0.1398391 0.0879975 0.1293677 0.1257403 0.0015193 0.1339773 0.2793007 0.1312891 0.0000010 0.2788628 0.2749182 0.1189925 0.0000010 0.1340168 0.1216219 0.0000010 0.2698196 0.1273094 0.0827298 0.2497060 0.0604635 0.2981618 0.2797159 0.2895755 0.2723278 0.1253473 0.0810119 0.0852076 0.2978701 0.0783843 0.2932872 0.0804514 0.2949728 0.2827215 0.2700688 0.1187437 0.2665523 0.0051423 0.2820220 0.0883051 0.1212006 0.2736781 0.1235650 0.2869650 4.8582554 0.2856883 0.2934065 0.1302857 0.0646394 0.1307495 0.1242083 0.2639036 0.2751205 5.6129123 0.2739384 0.2556837 0.0030866 5.2686329 0.2728010 0.2803180 
ASCMT164-11_Tetrops_praeustus_COI-5P_MG059846_size_18_                                                                                 0.1863301 0.2885655 0.2857853 0.0000000 0.1527691 0.2681035 0.1532205 0.2821043 0.2623234 0.0092759 0.6753307 0.2566306 0.0322447 0.2912605 0.2781430 0.2720431 0.1553584 0.2949806 0.2808153 0.2916436 0.1557753 0.0092598 0.2990209 0.2925856 0.2896380 0.2693556 0.2830524 0.2922851 0.0092759 0.2778819 0.2974200 0.0109180 0.0257836 0.2903823 0.2949728 0.2923454 0.2638685 0.2967061 0.1530337 0.2827829 0.2824018 0.1932726 0.2582593 0.0000010 0.0019696 0.0015260 0.0077079 0.2873827 0.2717429 0.2881715 0.0017746 0.2776546 0.0000010 0.2700093 0.0000010 0.0140032 0.0108602 0.3080335 0.0068016 0.3049688 0.0015256 0.2839076 0.2621722 0.0092759 0.2586080 0.0000010 6.0332455 0.1663196 0.0000010 0.2795765 0.2471015 0.2768300 0.2878460 0.0289005 0.0125228 7.6214088 0.0108202 0.0214527 0.2976443 7.1435948 0.0000010 0.1652724 
COLFF265-13_Tetrops_praeustus_COI-5P_KJ967190_size_15_                                                                                 0.1853174 0.2944071 0.2692319 0.1527691 0.0000000 0.2575794 0.0030363 0.2879946 0.2573348 0.1546971 0.7220878 0.2484387 0.1421699 0.2971675 0.2588158 0.2815382 0.0015144 0.2787657 0.2754827 0.2974599 0.0045689 0.1498798 0.3246635 0.2824429 0.2940288 0.2845319 0.2722047 0.2981064 0.1517964 0.2815701 0.2765904 0.1506507 0.1389446 0.2738364 0.2788130 0.2981652 0.2641236 0.2759492 0.0000010 0.2927790 0.2713686 0.1873452 0.2613412 0.1573083 0.1528117 0.1553584 0.1472905 0.2835139 0.2858010 0.2768664 0.1612632 0.2792797 0.1524023 0.2445922 0.1595478 0.1548556 0.1527908 0.2944826 0.1518878 0.2886358 0.1553140 0.2812721 0.2521160 0.1502160 0.2503622 0.1533220 7.1703677 0.0036190 0.1577657 0.2852064 0.2510219 0.2789244 0.2839201 0.1461698 0.1561676 8.7999414 0.1480186 0.1427584 0.2804130 8.0245984 0.1482978 0.0036502 
FBCOA539-10_Phytoecia_cylindrica_COI-5P_JN299244_size_13_                                                                              0.2383595 0.1341938 0.0679932 0.2681035 0.2575794 0.0000000 0.2584805 0.1339524 0.0484343 0.2724071 0.6171572 0.0684134 0.2601156 0.1342394 0.0000010 0.1228798 0.2610572 0.0639763 0.0632474 0.1364216 0.2619126 0.2714865 0.1261873 0.0835763 0.1319739 0.1223738 0.0662024 0.1366290 0.2691107 0.1245835 0.0678848 0.2686501 0.2589184 0.1337817 0.0683627 0.1366693 0.1251918 0.0677832 0.2581252 0.1341938 0.0824103 0.2410362 0.0589326 0.2846284 0.2798283 0.2717701 0.2623631 0.1299845 0.0787187 0.0848815 0.2882197 0.0739707 0.2747884 0.0711303 0.2776262 0.2724577 0.2744982 0.1203598 0.2688829 0.0663959 0.2644636 0.0838650 0.1262907 0.2708392 0.1238949 0.2692043 5.0879583 0.2715112 0.2801276 0.1323370 0.0725109 0.1225419 0.1288767 0.2581080 0.2795770 5.5281696 0.2679152 0.2560345 0.0727684 5.3248260 0.2718811 0.2670103 
GCOL10331-16_Tetrops_praeustus_COI-5P_KU906235_size_12_                                                                                0.1859007 0.2954613 0.2701955 0.1532205 0.0030363 0.2584805 0.0000000 0.2890254 0.2582361 0.1551552 0.7273057 0.2493092 0.1425851 0.2982473 0.2598478 0.2825406 0.0045702 0.2799121 0.2765392 0.2985247 0.0015158 0.1503200 0.3258245 0.2834494 0.2950831 0.2855449 0.2731793 0.2991753 0.1522432 0.2825706 0.2776419 0.1510960 0.1393514 0.2749129 0.2799278 0.2992342 0.2650563 0.2769960 0.0030399 0.2938292 0.2724020 0.1879409 0.2626242 0.1578514 0.1533996 0.1558199 0.1477207 0.2845755 0.2872158 0.2779303 0.1618355 0.2806657 0.1528691 0.2454497 0.1600832 0.1553140 0.1532433 0.2957398 0.1523861 0.2898016 0.1557753 0.2822682 0.2530046 0.1506585 0.2512404 0.1537767 7.4022124 0.0000010 0.1583037 0.2862223 0.2518932 0.2799163 0.2849966 0.1465973 0.1566345 8.9999989 0.1484519 0.1432305 0.2814315 8.1993097 0.1488695 0.0000010 
FBCOK687-13_Phytoecia_coerulescens_COI-5P_KM439416_size_9_                                                                             0.2744377 0.0030649 0.1270849 0.2821043 0.2879946 0.1339524 0.2890254 0.0000000 0.1041054 0.2847971 0.6281822 0.1123179 0.2702378 0.0015516 0.1323790 0.0273015 0.2900120 0.1157808 0.1271479 0.0046084 0.2927009 0.2821827 0.1505345 0.1295801 0.0046044 0.0271825 0.1265657 0.0046117 0.2742539 0.0307922 0.1251877 0.2752515 0.2641867 0.0103578 0.1219995 0.0046130 0.0015417 0.1249710 0.2886312 0.0030649 0.1271822 0.2775871 0.1280926 0.3089451 0.2943797 0.2858459 0.2759108 0.0081470 0.1290854 0.1303326 0.3083884 0.1243464 0.2962094 0.1375217 0.3011388 0.2864739 0.2738084 0.0282989 0.2714487 0.1292281 0.2783895 0.1310558 0.0777431 0.2701582 0.0797952 0.2832604 5.3870505 0.3040563 0.3040425 0.0030784 0.1139271 0.0306580 0.0082145 0.2657837 0.2788737 6.6165800 0.2744471 0.2629828 0.1335651 5.8380725 0.2990622 0.2995872 
GCOL11363-16_Phytoecia_pustulata_COI-5P_KU910987_size_7_                                                                               0.2343724 0.1084186 0.0596732 0.2623234 0.2573348 0.0484343 0.2582361 0.1041054 0.0000000 0.2649666 0.6471972 0.0483766 0.2561633 0.1081056 0.0452636 0.1042684 0.2608154 0.0563775 0.0564394 0.1105558 0.2616710 0.2640689 0.1186523 0.0807335 0.1062899 0.1038270 0.0578871 0.1107105 0.2560366 0.1090207 0.0610173 0.2555406 0.2520137 0.1004865 0.0609331 0.1107444 0.0957650 0.0609261 0.2578806 0.1084186 0.0724291 0.2369678 0.0543126 0.2869288 0.2815709 0.2659703 0.2550263 0.1010255 0.0559360 0.0748035 0.2905727 0.0534263 0.2687826 0.0771564 0.2798434 0.2633685 0.2596444 0.1081255 0.2462114 0.0632808 0.2587038 0.0787335 0.0963879 0.2577846 0.0941517 0.2634048 4.7404964 0.2759191 0.2823853 0.1024519 0.0521965 0.1085601 0.0997190 0.2469991 0.2646303 5.2825265 0.2565824 0.2376768 0.0643080 5.0671935 0.2642801 0.2714535 
GBCOC360-12_Tetrops_starkii_COI-5P_KM446254_size_6_                                                                                    0.1836261 0.2912800 0.2826865 0.0092759 0.1546971 0.2724071 0.1551552 0.2847971 0.2649666 0.0000000 0.6734293 0.2552761 0.0323036 0.2940245 0.2757658 0.2747061 0.1572967 0.2913792 0.2768093 0.2943672 0.1577199 0.0030587 0.3017984 0.2921929 0.2923580 0.2720130 0.2799562 0.2950155 0.0092912 0.2805748 0.2941070 0.0109363 0.0291785 0.2861982 0.2914702 0.2950756 0.2665026 0.2934016 0.1549656 0.2854823 0.2805299 0.1905300 0.2558062 0.0088361 0.0120478 0.0108602 0.0077202 0.2902178 0.2693032 0.2862942 0.0108346 0.2752182 0.0096008 0.2682306 0.0103433 0.0045941 0.0108783 0.3113599 0.0085404 0.3032903 0.0108570 0.2834985 0.2647747 0.0092912 0.2611950 0.0093059 5.9424799 0.1683131 0.0087516 0.2822654 0.2441228 0.2795171 0.2907186 0.0356726 0.0125439 7.5707942 0.0204301 0.0214677 0.2944798 7.0976393 0.0059574 0.1672844 
ZFMK-TIS-2604724_Phytoecia_virgula_size_6_                                                                                             0.5189521 0.6293127 0.6474158 0.6753307 0.7220878 0.6171572 0.7273057 0.6281822 0.6471972 0.6734293 0.0000000 0.6385425 0.6435790 0.6403469 0.6719839 0.6052639 0.7150656 0.7444149 0.6209558 0.6343729 0.7344329 0.6795137 0.7036175 0.6885997 0.6308667 0.6101731 0.6458550 0.6356394 0.6742112 0.6175664 0.6900939 0.6653631 0.6304625 0.6152156 0.7260617 0.6230311 0.6009449 0.6948806 0.7242587 0.6359307 0.6766281 0.5099662 0.6804755 0.7714621 0.8654472 0.6818519 0.6628543 0.6305205 0.6780724 0.6791725 0.7886112 0.7036753 0.7053343 0.6444769 0.7531043 0.6728988 0.6807367 0.7470643 0.6811779 0.7510812 0.6688454 0.6711933 0.6975156 0.6742112 0.6908975 0.6786845 8.3074078 0.8436980 0.7544413 0.6249468 0.6342907 0.6160179 0.6327941 0.6603255 0.6833497 8.9999989 0.6732302 0.6892042 0.6519841 8.9999983 0.7440229 0.8399731 
COLFD250-12_Phytoecia_nigricornis_COI-5P_KJ962511_size_5_                                                                              0.2324130 0.1166735 0.0605765 0.2566306 0.2484387 0.0684134 0.2493092 0.1123179 0.0483766 0.2552761 0.6385425 0.0000000 0.2522794 0.1144227 0.0591663 0.1155375 0.2501795 0.0513357 0.0636801 0.1188268 0.2527021 0.2544244 0.1421694 0.0897880 0.1145282 0.1150553 0.0624065 0.1189968 0.2448953 0.1204283 0.0562104 0.2443789 0.2500242 0.1101641 0.0559033 0.1190326 0.1068887 0.0561284 0.2489633 0.1166735 0.0841420 0.2350071 0.0709927 0.2663116 0.2612213 0.2602097 0.2440131 0.1128062 0.0758050 0.0866251 0.2694590 0.0731953 0.2627809 0.0888900 0.2630091 0.2553518 0.2363764 0.1223554 0.2375237 0.0621835 0.2530782 0.0862475 0.1023618 0.2397493 0.1046170 0.2576787 4.9446480 0.2525695 0.2621857 0.1153265 0.0627052 0.1199271 0.1140460 0.2485464 0.2410488 5.6391819 0.2581187 0.2298592 0.0651714 5.4470020 0.2467207 0.2480138 
GBCOU561-13_Tetrops_starkii_COI-5P_KM450609_size_3_                                                                                    0.1631427 0.2765210 0.2790828 0.0322447 0.1421699 0.2601156 0.1425851 0.2702378 0.2561633 0.0323036 0.6435790 0.2522794 0.0000000 0.2789653 0.2653106 0.2662269 0.1447035 0.2826828 0.2744924 0.2795197 0.1450859 0.0322447 0.2903570 0.2824410 0.2775545 0.2635763 0.2764029 0.2801226 0.0322062 0.2687854 0.2900534 0.0307435 0.0015443 0.2777415 0.2830045 0.2801832 0.2524980 0.2893706 0.1424133 0.2708780 0.2713485 0.1649187 0.2472525 0.0332201 0.0377789 0.0339820 0.0271089 0.2748296 0.2549881 0.2769266 0.0358618 0.2586350 0.0334176 0.2571118 0.0341999 0.0373924 0.0339411 0.2982949 0.0285128 0.2943975 0.0305201 0.2739748 0.2461853 0.0322062 0.2427938 0.0323516 5.5458714 0.1526809 0.0328854 0.2677603 0.2413644 0.2691898 0.2751249 0.0389152 0.0358786 7.0832562 0.0371741 0.0213939 0.2905983 6.8124385 0.0289819 0.1515299 
GBCOL296-12_Phytoecia_coerulescens_COI-5P_KM450199_size_3_                                                                             0.2831615 0.0000010 0.1315768 0.2912605 0.2971675 0.1342394 0.2982473 0.0015516 0.1081056 0.2940245 0.6403469 0.1144227 0.2789653 0.0000000 0.1323790 0.0294321 0.2992733 0.1157808 0.1320140 0.0015516 0.3020330 0.2913350 0.1534799 0.1341986 0.0015502 0.0293022 0.1310344 0.0015527 0.2832052 0.0330046 0.1251877 0.2842549 0.2727572 0.0103578 0.1219995 0.0015531 0.0031379 0.1249710 0.2978388 0.0031080 0.1321210 0.2864634 0.1343723 0.3089451 0.2943797 0.2951130 0.2848161 0.0081470 0.1355815 0.1353845 0.3083884 0.1306339 0.2990464 0.1378748 0.3011388 0.2957129 0.2827069 0.0282989 0.2812493 0.1292281 0.2874355 0.1356860 0.0810511 0.2789486 0.0831536 0.2918655 5.4450263 0.3040563 0.3040425 0.0031219 0.1181173 0.0328590 0.0082145 0.2743498 0.2879359 6.5582371 0.2833419 0.2629828 0.1382682 6.1130550 0.2990622 0.2995872 
GBCOD201-13_Phytoecia_cylindrica_COI-5P_KM447008_size_3_                                                                               0.2395901 0.1323790 0.0608050 0.2781430 0.2588158 0.0000010 0.2598478 0.1323790 0.0452636 0.2757658 0.6719839 0.0591663 0.2653106 0.1323790 0.0000000 0.1225364 0.2588158 0.0554556 0.0613557 0.1348973 0.2598478 0.2746972 0.1291343 0.0757517 0.1323790 0.1219621 0.0588110 0.1351287 0.2761806 0.1244750 0.0608050 0.2756730 0.2639597 0.1295832 0.0602872 0.1351740 0.1245392 0.0608050 0.2588158 0.1298710 0.0777453 0.2394485 0.0534466 0.2862330 0.2765238 0.2824155 0.2683242 0.1298474 0.0747861 0.0803391 0.2900794 0.0696510 0.2781430 0.0725736 0.2814398 0.2758178 0.2781590 0.1203293 0.2742167 0.0562892 0.2739058 0.0760427 0.1295156 0.2781590 0.1267543 0.2787965 5.4838597 0.2657356 0.2814398 0.1296090 0.0652884 0.1221532 0.1298474 0.2674232 0.2781590 5.8022901 0.2778082 0.2541903 0.0608050 5.8193837 0.2678195 0.2611395 
GCOL4301-16_Phytoecia_coerulescens_COI-5P_KU906553_size_3_                                                                             0.2810749 0.0306679 0.1262607 0.2720431 0.2815382 0.1228798 0.2825406 0.0273015 0.1042684 0.2747061 0.6052639 0.1155375 0.2662269 0.0294321 0.1225364 0.0000000 0.2835054 0.1150932 0.1262566 0.0323594 0.2861601 0.2721261 0.1500773 0.1227666 0.0323293 0.0015253 0.1257403 0.0323884 0.2713917 0.0030707 0.1243091 0.2709361 0.2583370 0.0173888 0.1213982 0.0323981 0.0190759 0.1240925 0.2821545 0.0273334 0.1198573 0.2843186 0.1340041 0.3051382 0.2852064 0.2757303 0.2645968 0.0215487 0.1304088 0.1229152 0.3045244 0.1256193 0.2856267 0.1368139 0.2974483 0.2764007 0.2767990 0.0018006 0.2766537 0.1287069 0.2683824 0.1259822 0.0766182 0.2731215 0.0745465 0.2731592 5.3644663 0.2974181 0.3002927 0.0273822 0.1099530 0.0030573 0.0217328 0.2563988 0.2819061 6.8135272 0.2662586 0.2607305 0.1327721 5.9799866 0.2997546 0.2929396 
GBCOC567-12_Tetrops_praeustus_COI-5P_KM448032_size_3_                                                                                  0.1881706 0.2964650 0.2728497 0.1553584 0.0015144 0.2610572 0.0045702 0.2900120 0.2608154 0.1572967 0.7150656 0.2501795 0.1447035 0.2992733 0.2588158 0.2835054 0.0000000 0.2787657 0.2793955 0.2995363 0.0061129 0.1524465 0.3286000 0.2861159 0.2960872 0.2865174 0.2758394 0.3001902 0.1543733 0.2835337 0.2765904 0.1532353 0.1414774 0.2738364 0.2788130 0.3002491 0.2659706 0.2759492 0.0015162 0.2948305 0.2752299 0.1902344 0.2662494 0.1573083 0.1528117 0.1579680 0.1498367 0.2855958 0.2909305 0.2807943 0.1612632 0.2843721 0.1550855 0.2480147 0.1595478 0.1574544 0.1553858 0.2944826 0.1547602 0.2886358 0.1579229 0.2849160 0.2555925 0.1527908 0.2538137 0.1559219 7.2781063 0.0036190 0.1577657 0.2871969 0.2544407 0.2808735 0.2839201 0.1487165 0.1587956 8.9349152 0.1505723 0.1427584 0.2841453 8.1424698 0.1482978 0.0036502 
GMGMJ158-14_Phytoecia_nigricornis_COI-5P_size_3_                                                                                       0.2539878 0.1157808 0.0000010 0.2949806 0.2787657 0.0639763 0.2799121 0.1157808 0.0563775 0.2913792 0.7444149 0.0513357 0.2826828 0.1157808 0.0554556 0.1150932 0.2787657 0.0000000 0.0019033 0.1182341 0.2799121 0.2902242 0.1320267 0.0823215 0.1157808 0.1145414 0.0017475 0.1184267 0.2874137 0.1183499 0.0000010 0.2869340 0.2778931 0.1129450 0.0000010 0.1184674 0.1116519 0.0000010 0.2794692 0.1133380 0.0755486 0.2572677 0.0592936 0.2933696 0.2797159 0.2994203 0.2792263 0.1171157 0.0749799 0.0783339 0.2978701 0.0685197 0.2949806 0.0805218 0.2949806 0.2914037 0.2766035 0.1165765 0.2737911 0.0052726 0.2905762 0.0826490 0.1112347 0.2808151 0.1138652 0.2956826 4.5625503 0.2825041 0.2933696 0.1186486 0.0534903 0.1177819 0.1171157 0.2697359 0.2825104 5.3657920 0.2846283 0.2599821 0.0035594 5.3730299 0.2694138 0.2814075 
GBCOU2981-13_Phytoecia_nigricornis_COI-5P_KM442652_size_3_                                                                             0.2391530 0.1319982 0.0016402 0.2808153 0.2754827 0.0632474 0.2765392 0.1271479 0.0564394 0.2768093 0.6209558 0.0636801 0.2744924 0.1320140 0.0613557 0.1262566 0.2793955 0.0019033 0.0000000 0.1343884 0.2804044 0.2758033 0.1360894 0.0846332 0.1319982 0.1256937 0.0032890 0.1346070 0.2771982 0.1317007 0.0017395 0.2767254 0.2700507 0.1239139 0.0018477 0.1346498 0.1232214 0.0017371 0.2754827 0.1273909 0.0855344 0.2390169 0.0636722 0.3002641 0.2760669 0.2848263 0.2698111 0.1274928 0.0845593 0.0880601 0.2999902 0.0818882 0.2886000 0.0800603 0.2951813 0.2768564 0.2712389 0.1180052 0.2665060 0.0056152 0.2768355 0.0849485 0.1257169 0.2712389 0.1283096 0.2820514 5.3722948 0.2985822 0.2951813 0.1323628 0.0658323 0.1311154 0.1262742 0.2615673 0.2712389 6.2797778 0.2683127 0.2549033 0.0016402 5.9987091 0.2727389 0.2929787 
GCOL7789-16_Phytoecia_coerulescens_COI-5P_KU916615_size_3_                                                                             0.2836497 0.0015276 0.1337765 0.2916436 0.2974599 0.1364216 0.2985247 0.0046084 0.1105558 0.2943672 0.6343729 0.1188268 0.2795197 0.0015516 0.1348973 0.0323594 0.2995363 0.1182341 0.1343884 0.0000000 0.3022558 0.2917168 0.1576828 0.1364043 0.0030600 0.0322191 0.1332342 0.0030649 0.2837055 0.0359200 0.1274796 0.2847414 0.2733997 0.0121165 0.1244179 0.0030657 0.0062127 0.1272583 0.2981220 0.0046011 0.1345283 0.2869085 0.1373744 0.3125664 0.2983548 0.2954403 0.2852884 0.0098012 0.1386519 0.1377713 0.3120623 0.1337504 0.3022678 0.1400639 0.3046301 0.2960298 0.2832122 0.0302708 0.2818317 0.1316799 0.2878738 0.1378659 0.0836798 0.2795071 0.0857681 0.2928389 5.5823409 0.3077663 0.3075973 0.0046215 0.1204504 0.0357643 0.0098828 0.2749664 0.2883670 6.8330459 0.2838369 0.2663185 0.1404281 6.0052755 0.3030877 0.3033080 
GCOL1475-16_Tetrops_praeustus_COI-5P_KU917980_size_3_                                                                                  0.1887139 0.2991753 0.2737673 0.1557753 0.0045689 0.2619126 0.0015158 0.2927009 0.2616710 0.1577199 0.7344329 0.2527021 0.1450859 0.3020330 0.2598478 0.2861601 0.0061129 0.2799121 0.2804044 0.3022558 0.0000000 0.1528528 0.3297215 0.2870773 0.2988001 0.2891812 0.2767681 0.3029164 0.1547858 0.2861834 0.2776419 0.1536463 0.1418519 0.2749129 0.2799278 0.3029749 0.2685539 0.2769960 0.0045744 0.2975403 0.2762153 0.1907896 0.2674769 0.1578514 0.1533996 0.1583944 0.1502334 0.2883948 0.2922916 0.2818104 0.1618355 0.2857034 0.1555169 0.2488261 0.1600832 0.1578779 0.1558037 0.2957398 0.1552215 0.2898016 0.1583492 0.2858672 0.2564348 0.1531992 0.2546457 0.1563418 7.3617566 0.0000010 0.1583037 0.2898639 0.2552663 0.2835173 0.2849966 0.1491105 0.1592271 8.9672094 0.1509719 0.1432305 0.2851180 8.1574653 0.1488695 0.0000010 
GCOL3777-16_Tetrops_praeustus_COI-5P_KU911828_size_3_                                                                                  0.1830944 0.2886405 0.2817187 0.0092598 0.1498798 0.2714865 0.1503200 0.2821827 0.2640689 0.0030587 0.6795137 0.2544244 0.0322447 0.2913350 0.2746972 0.2721261 0.1524465 0.2902242 0.2758033 0.2917168 0.1528528 0.0000000 0.3007568 0.2911952 0.2897124 0.2694398 0.2789975 0.2923580 0.0092759 0.2779628 0.2930355 0.0109180 0.0291255 0.2832962 0.2903465 0.2924183 0.2639545 0.2923351 0.1501378 0.2828611 0.2795089 0.1899695 0.2546288 0.0088186 0.0120219 0.0108422 0.0077079 0.2874618 0.2680455 0.2852414 0.0108137 0.2739240 0.0095845 0.2673186 0.0103243 0.0076955 0.0108602 0.3081077 0.0085251 0.3021059 0.0108390 0.2825357 0.2638913 0.0092759 0.2603265 0.0092897 6.0764725 0.1623207 0.0087354 0.2796563 0.2433132 0.2769112 0.2879258 0.0322409 0.0125228 7.6870063 0.0171881 0.0214255 0.2934550 7.2061689 0.0059450 0.1612479 
FBCOC126-10_Phytoecia_icterica_COI-5P_HQ954554_size_3_                                                                                 0.3012201 0.1553328 0.1398391 0.2990209 0.3246635 0.1261873 0.3258245 0.1505345 0.1186523 0.3017984 0.7036175 0.1421694 0.2903570 0.1534799 0.1291343 0.1500773 0.3286000 0.1320267 0.1360894 0.1576828 0.3297215 0.3007568 0.0000000 0.1256300 0.1529909 0.1494703 0.1392725 0.1579420 0.2925944 0.1509543 0.1399637 0.2936763 0.2861658 0.1478199 0.1353646 0.1579879 0.1383076 0.1397120 0.3254010 0.1537825 0.1204439 0.3047518 0.1222736 0.3109252 0.3074432 0.3029020 0.2910030 0.1461809 0.1022141 0.1234239 0.3150997 0.0992859 0.3071411 0.1339187 0.3029858 0.3018028 0.2961780 0.1485225 0.2897722 0.1403828 0.2951664 0.1192678 0.1463604 0.2940731 0.1453882 0.2974784 5.7303725 0.3316122 0.3059470 0.1505238 0.1385248 0.1503417 0.1424954 0.2895030 0.3015457 5.7738828 0.3002282 0.2700069 0.1466899 5.5664738 0.2905122 0.3272295 
FBCOC163-10_Phytoecia_nigripes_COI-5P_HQ954588_size_3_                                                                                 0.2904710 0.1341531 0.0879975 0.2925856 0.2824429 0.0835763 0.2834494 0.1295801 0.0807335 0.2921929 0.6885997 0.0897880 0.2824410 0.1341986 0.0757517 0.1227666 0.2861159 0.0823215 0.0846332 0.1364043 0.2870773 0.2911952 0.1256300 0.0000000 0.1319099 0.1222553 0.0899602 0.1366137 0.2887729 0.1234770 0.0875013 0.2883639 0.2813154 0.1217554 0.0870648 0.1366545 0.1209742 0.0873632 0.2794047 0.1298139 0.0016387 0.2938155 0.0632815 0.3073328 0.2849191 0.2963885 0.2816887 0.1290238 0.0240678 0.0032957 0.3068527 0.0239877 0.3020391 0.0768303 0.3063152 0.2922126 0.2925576 0.1240623 0.2805174 0.0940492 0.2888089 0.0076626 0.1214899 0.2887729 0.1206830 0.2937851 5.7648285 0.2875885 0.3024956 0.1295478 0.0975630 0.1229607 0.1279024 0.2744448 0.2978354 6.1150351 0.2863986 0.2552922 0.0933002 5.9333064 0.2862385 0.2787890 
GCOL7788-16_Phytoecia_coerulescens_COI-5P_KU910639_size_3_                                                                             0.2817045 0.0015263 0.1293677 0.2896380 0.2940288 0.1319739 0.2950831 0.0046044 0.1062899 0.2923580 0.6308667 0.1145282 0.2775545 0.0015502 0.1323790 0.0323293 0.2960872 0.1157808 0.1319982 0.0030600 0.2988001 0.2897124 0.1529909 0.1319099 0.0000000 0.0321892 0.1288402 0.0030622 0.2817094 0.0358863 0.1229045 0.2827384 0.2714415 0.0103578 0.1219995 0.0030631 0.0046482 0.1226926 0.2946827 0.0045971 0.1321032 0.2849438 0.1343070 0.3089451 0.2943797 0.2934270 0.2833099 0.0065010 0.1354906 0.1353168 0.3083884 0.1306400 0.3001778 0.1377767 0.3011388 0.2940251 0.2812257 0.0302378 0.2784768 0.1267863 0.2858756 0.1333819 0.0797391 0.2775278 0.0818044 0.2908263 5.5149482 0.3040563 0.3040425 0.0030735 0.1187845 0.0357309 0.0065547 0.2730170 0.2863675 6.6196356 0.2818542 0.2629828 0.1359111 5.8378229 0.2990622 0.2995872 
GCOL4378-16_Phytoecia_coerulescens_COI-5P_KU908377_size_3_                                                                             0.2800432 0.0305347 0.1257403 0.2693556 0.2845319 0.1223738 0.2855449 0.0271825 0.1038270 0.2720130 0.6101731 0.1150553 0.2635763 0.0293022 0.1219621 0.0015253 0.2865174 0.1145414 0.1256937 0.0322191 0.2891812 0.2694398 0.1494703 0.1222553 0.0321892 0.0000000 0.1252230 0.0322479 0.2687103 0.0046172 0.1237697 0.2682474 0.2557144 0.0191785 0.1208353 0.0322575 0.0190759 0.1235548 0.2851560 0.0272141 0.1193160 0.2832719 0.1332436 0.3019595 0.2852064 0.2730314 0.2619504 0.0232643 0.1296517 0.1223586 0.3012987 0.1248917 0.2828128 0.1362437 0.2943757 0.2737140 0.2741096 0.0018006 0.2736857 0.1281148 0.2657063 0.1254564 0.0762889 0.2704436 0.0742259 0.2704621 5.3556346 0.3010958 0.2971672 0.0272625 0.1094940 0.0045970 0.0234639 0.2537990 0.2791970 6.8028677 0.2636075 0.2577581 0.1322220 5.9771764 0.2961919 0.2966276 
FBCOA919-10_Phytoecia_nigricornis_COI-5P_HQ953692_size_3_                                                                              0.2497456 0.1310332 0.0015193 0.2830524 0.2722047 0.0662024 0.2731793 0.1265657 0.0578871 0.2799562 0.6458550 0.0624065 0.2764029 0.1310344 0.0588110 0.1257403 0.2758394 0.0017475 0.0032890 0.1332342 0.2767681 0.2789975 0.1392725 0.0899602 0.1288402 0.1252230 0.0000000 0.1334333 0.2765822 0.1307495 0.0016043 0.2761364 0.2722341 0.1184483 0.0017005 0.1334726 0.1211180 0.0016017 0.2728003 0.1267885 0.0848156 0.2525653 0.0580228 0.2949730 0.2762031 0.2868310 0.2696449 0.1248088 0.0784881 0.0873154 0.2946296 0.0758711 0.2904420 0.0785549 0.2918821 0.2799955 0.2673890 0.1181602 0.2636295 0.0034223 0.2793007 0.0902757 0.1206981 0.2709865 0.1230534 0.2842222 4.8192128 0.2893163 0.2902714 0.1297515 0.0628510 0.1302131 0.1236691 0.2612687 0.2724206 5.5658118 0.2712500 0.2527332 0.0046420 5.2601521 0.2693264 0.2839405 
GCOL3999-16_Phytoecia_coerulescens_COI-5P_KU906706_size_3_                                                                             0.2842553 0.0015287 0.1339773 0.2922851 0.2981064 0.1366290 0.2991753 0.0046117 0.1107105 0.2950155 0.6356394 0.1189968 0.2801226 0.0015527 0.1351287 0.0323884 0.3001902 0.1184267 0.1346070 0.0030649 0.3029164 0.2923580 0.1579420 0.1366137 0.0030622 0.0322479 0.1334333 0.0000000 0.2843271 0.0359531 0.1276764 0.2853673 0.2739870 0.0121269 0.1246197 0.0030679 0.0062172 0.1274543 0.2987713 0.0046044 0.1347503 0.2875270 0.1376627 0.3133636 0.2991994 0.2960920 0.2859078 0.0098090 0.1389523 0.1380025 0.3128702 0.1340337 0.3029588 0.1402835 0.3053838 0.2966800 0.2838296 0.0303023 0.2825112 0.1318988 0.2885049 0.1380775 0.0837821 0.2801143 0.0858741 0.2934851 5.6056428 0.3085737 0.3083705 0.0046248 0.1206235 0.0357971 0.0098908 0.2755546 0.2889996 6.8622511 0.2844545 0.2669613 0.1406460 6.0304062 0.3039539 0.3041087 
GCOL441-16_Tetrops_praeustus_COI-5P_KU911352_size_3_                                                                                   0.1763983 0.2806533 0.2793007 0.0092759 0.1517964 0.2691107 0.1522432 0.2742539 0.2560366 0.0092912 0.6742112 0.2448953 0.0322062 0.2832052 0.2761806 0.2713917 0.1543733 0.2874137 0.2771982 0.2837055 0.1547858 0.0092759 0.2925944 0.2887729 0.2817094 0.2687103 0.2765822 0.2843271 0.0000000 0.2772132 0.2904487 0.0046357 0.0257535 0.2802100 0.2876127 0.2843882 0.2561893 0.2897550 0.1520583 0.2806533 0.2809190 0.1831723 0.2612445 0.0088361 0.0120478 0.0108602 0.0046014 0.2791202 0.2748933 0.2866871 0.0108346 0.2808808 0.0096008 0.2722237 0.0103433 0.0140268 0.0046114 0.3071504 0.0051029 0.2993202 0.0077022 0.2801365 0.2577030 0.0030636 0.2541756 0.0093059 6.0371239 0.1679095 0.0087516 0.2717373 0.2355118 0.2761644 0.2794753 0.0322025 0.0062040 7.7104317 0.0204301 0.0196047 0.2909834 7.2175523 0.0059596 0.1668777 
GCOL6776-16_Phytoecia_coerulescens_COI-5P_KU916764_size_3_                                                                             0.2868840 0.0342056 0.1312891 0.2778819 0.2815701 0.1245835 0.2825706 0.0307922 0.1090207 0.2805748 0.6175664 0.1204283 0.2687854 0.0330046 0.1244750 0.0030707 0.2835337 0.1183499 0.1317007 0.0359200 0.2861834 0.2779628 0.1509543 0.1234770 0.0358863 0.0046172 0.1307495 0.0359531 0.2772132 0.0000000 0.1295675 0.2767711 0.2608034 0.0210768 0.1246409 0.0359639 0.0224596 0.1293391 0.2821853 0.0308289 0.1206065 0.2902100 0.1411575 0.3109981 0.2915252 0.2816180 0.2702972 0.0251003 0.1314758 0.1236890 0.3104679 0.1231774 0.2918326 0.1420991 0.3030707 0.2822666 0.2826733 0.0017966 0.2831407 0.1320329 0.2741722 0.1267161 0.0770451 0.2789470 0.0749609 0.2790266 5.5039595 0.2961371 0.3060279 0.0308840 0.1147420 0.0015213 0.0253174 0.2619429 0.2878560 6.8326632 0.2719797 0.2671117 0.1379493 6.1394595 0.3062960 0.2916700 
FBCOE441-12_Phytoecia_nigricornis_COI-5P_KM449161_size_3_                                                                              0.2619619 0.1251877 0.0000010 0.2974200 0.2765904 0.0678848 0.2776419 0.1251877 0.0610173 0.2941070 0.6900939 0.0562104 0.2900534 0.1251877 0.0608050 0.1243091 0.2765904 0.0000010 0.0017395 0.1274796 0.2776419 0.2930355 0.1399637 0.0875013 0.1229045 0.1237697 0.0016043 0.1276764 0.2904487 0.1295675 0.0000000 0.2900176 0.2856389 0.1189925 0.0000010 0.1277163 0.1194561 0.0000010 0.2772347 0.1229045 0.0818702 0.2651044 0.0602702 0.2981618 0.2797159 0.3015107 0.2828721 0.1242083 0.0824971 0.0844960 0.2978701 0.0796507 0.2974200 0.0794994 0.2949728 0.2941248 0.2804540 0.1187437 0.2777034 0.0051423 0.2933594 0.0878249 0.1170574 0.2843460 0.1195228 0.2980699 4.8779537 0.2856883 0.2934065 0.1259749 0.0647404 0.1290069 0.1242083 0.2708993 0.2859164 5.4752854 0.2846086 0.2556837 0.0032617 5.4912035 0.2728010 0.2803180 
GCOL286-16_Tetrops_praeustus_COI-5P_KU916245_size_3_                                                                                   0.1768735 0.2816771 0.2788628 0.0109180 0.1506507 0.2686501 0.1510960 0.2752515 0.2555406 0.0109363 0.6653631 0.2443789 0.0307435 0.2842549 0.2756730 0.2709361 0.1532353 0.2869340 0.2767254 0.2847414 0.1536463 0.0109180 0.2936763 0.2883639 0.2827384 0.2682474 0.2761364 0.2853673 0.0046357 0.2767711 0.2900176 0.0000000 0.0242614 0.2797302 0.2871468 0.2854285 0.2571133 0.2893227 0.1509117 0.2816771 0.2804570 0.1836742 0.2605811 0.0107113 0.0142170 0.0125220 0.0061900 0.2801848 0.2742728 0.2862386 0.0127715 0.2802802 0.0113038 0.2717659 0.0121867 0.0157237 0.0062038 0.3067271 0.0068714 0.2988888 0.0093254 0.2797046 0.2572196 0.0046357 0.2536850 0.0109536 6.0622238 0.1665914 0.0106079 0.2727262 0.2349777 0.2757200 0.2805548 0.0341116 0.0078245 7.5665066 0.0221961 0.0179192 0.2905733 7.0908478 0.0080377 0.1655423 
FBCOG1398-12_Tetrops_starkii_COI-5P_KM447580_size_3_                                                                                   0.1543767 0.2704213 0.2749182 0.0257836 0.1389446 0.2589184 0.1393514 0.2641867 0.2520137 0.0291785 0.6304625 0.2500242 0.0015443 0.2727572 0.2639597 0.2583370 0.1414774 0.2778931 0.2700507 0.2733997 0.1418519 0.0291255 0.2861658 0.2813154 0.2714415 0.2557144 0.2722341 0.2739870 0.0257535 0.2608034 0.2856389 0.0242614 0.0000000 0.2709703 0.2783445 0.2740480 0.2465798 0.2849651 0.1391832 0.2648115 0.2691587 0.1560571 0.2444462 0.0258230 0.0293722 0.0274964 0.0207204 0.2684667 0.2521606 0.2747188 0.0282964 0.2558118 0.0267226 0.2558913 0.0269858 0.0342658 0.0274640 0.2883316 0.0213127 0.2896899 0.0240834 0.2728239 0.2454766 0.0257535 0.2420675 0.0258694 5.5072428 0.1482679 0.0255637 0.2617184 0.2372670 0.2612117 0.2686815 0.0306898 0.0293446 6.9425066 0.0289758 0.0142538 0.2863796 6.6159158 0.0206189 0.1476000 
FBCOB340-10_Phytoecia_coerulescens_COI-5P_HQ953961_size_3_                                                                             0.2760824 0.0103578 0.1189925 0.2903823 0.2738364 0.1337817 0.2749129 0.0103578 0.1004865 0.2861982 0.6152156 0.1101641 0.2777415 0.0103578 0.1295832 0.0173888 0.2738364 0.1129450 0.1239139 0.0121165 0.2749129 0.2832962 0.1478199 0.1217554 0.0103578 0.0191785 0.1184483 0.0121269 0.2802100 0.0210768 0.1189925 0.2797302 0.2709703 0.0000000 0.1195410 0.0121309 0.0017037 0.1189925 0.2744949 0.0121044 0.1226053 0.2762883 0.1278595 0.3047426 0.2859610 0.2945842 0.2804026 0.0016937 0.1289322 0.1258731 0.3041070 0.1237838 0.2903823 0.1295843 0.2997830 0.2880534 0.2821248 0.0195971 0.2784722 0.1249776 0.2862134 0.1187443 0.0751988 0.2821248 0.0729054 0.2910409 5.6117987 0.2847518 0.2997830 0.0085983 0.1084472 0.0209747 0.0016937 0.2690911 0.2821248 6.8035161 0.2817617 0.2510491 0.1189925 6.2283741 0.2892529 0.2802873 
GMGMJ867-14_Phytoecia_nigricornis_COI-5P_size_3_                                                                                       0.2550235 0.1219995 0.0000010 0.2949728 0.2788130 0.0683627 0.2799278 0.1219995 0.0609331 0.2914702 0.7260617 0.0559033 0.2830045 0.1219995 0.0602872 0.1213982 0.2788130 0.0000010 0.0018477 0.1244179 0.2799278 0.2903465 0.1353646 0.0870648 0.1219995 0.1208353 0.0017005 0.1246197 0.2876127 0.1246409 0.0000010 0.2871468 0.2783445 0.1195410 0.0000000 0.1246611 0.1179626 0.0000010 0.2794971 0.1195908 0.0807562 0.2582302 0.0657697 0.2981618 0.2797159 0.2992904 0.2796439 0.1233729 0.0810823 0.0835410 0.2978701 0.0747647 0.2949728 0.0848096 0.2949728 0.2914938 0.2770917 0.1165765 0.2744147 0.0051566 0.2906888 0.0874068 0.1175510 0.2811910 0.1201575 0.2956555 4.6944440 0.2856883 0.2934065 0.1248496 0.0584482 0.1240624 0.1233729 0.2670660 0.2828413 5.4722357 0.2814733 0.2609577 0.0034619 5.5181336 0.2728010 0.2803180 
GBCOU2969-13_Phytoecia_coerulescens_COI-5P_KM449736_size_3_                                                                            0.2843148 0.0015292 0.1340168 0.2923454 0.2981652 0.1366693 0.2992342 0.0046130 0.1107444 0.2950756 0.6230311 0.1190326 0.2801832 0.0015531 0.1351740 0.0323981 0.3002491 0.1184674 0.1346498 0.0030657 0.3029749 0.2924183 0.1579879 0.1366545 0.0030631 0.0322575 0.1334726 0.0030679 0.2843882 0.0359639 0.1277163 0.2854285 0.2740480 0.0121309 0.1246611 0.0000000 0.0062190 0.1274940 0.2988302 0.0046057 0.1347939 0.2875867 0.1377185 0.3134299 0.2992758 0.2961520 0.2859682 0.0098121 0.1390101 0.1380471 0.3129375 0.1340894 0.3030199 0.1403255 0.3054496 0.2967397 0.2838905 0.0303129 0.2825787 0.1319422 0.2885655 0.1381184 0.0838077 0.2801754 0.0859003 0.2935455 5.5803740 0.3086429 0.3084368 0.0046261 0.1206597 0.0358078 0.0098938 0.2756151 0.2890602 6.8239126 0.2845152 0.2670305 0.1406876 6.0015319 0.3040301 0.3041791 
FBCOK688-13_Phytoecia_coerulescens_COI-5P_KM441711_size_3_                                                                             0.2593737 0.0046482 0.1216219 0.2638685 0.2641236 0.1251918 0.2650563 0.0015417 0.0957650 0.2665026 0.6009449 0.1068887 0.2524980 0.0031379 0.1245392 0.0190759 0.2659706 0.1116519 0.1232214 0.0062127 0.2685539 0.2639545 0.1383076 0.1209742 0.0046482 0.0190759 0.1211180 0.0062172 0.2561893 0.0224596 0.1194561 0.2571133 0.2465798 0.0017037 0.1179626 0.0062190 0.0000000 0.1192496 0.2646907 0.0046482 0.1199170 0.2623496 0.1283867 0.2910083 0.2787426 0.2675048 0.2579822 0.0000010 0.1293907 0.1229768 0.2901907 0.1246359 0.2770096 0.1283609 0.2838419 0.2682094 0.2593408 0.0206584 0.2588620 0.1231285 0.2602591 0.1202799 0.0704896 0.2557693 0.0704896 0.2649503 5.2415152 0.2807417 0.2864324 0.0030977 0.1052186 0.0223606 0.0000010 0.2482227 0.2642760 6.4779652 0.2564929 0.2464951 0.1280144 5.5931878 0.2831639 0.2762443 
FBCOE440-12_Phytoecia_nigricornis_COI-5P_KM440249_size_3_                                                                              0.2613769 0.1249710 0.0000010 0.2967061 0.2759492 0.0677832 0.2769960 0.1249710 0.0609261 0.2934016 0.6948806 0.0561284 0.2893706 0.1249710 0.0608050 0.1240925 0.2759492 0.0000010 0.0017371 0.1272583 0.2769960 0.2923351 0.1397120 0.0873632 0.1226926 0.1235548 0.0016017 0.1274543 0.2897550 0.1293391 0.0000010 0.2893227 0.2849651 0.1189925 0.0000010 0.1274940 0.1192496 0.0000000 0.2765904 0.1226926 0.0817322 0.2645058 0.0601442 0.2981618 0.2797159 0.3007841 0.2822054 0.1242083 0.0823173 0.0843521 0.2978701 0.0794781 0.2967061 0.0793722 0.2949728 0.2934205 0.2797938 0.1187437 0.2769856 0.0051423 0.2926581 0.0876856 0.1168553 0.2836737 0.1193152 0.2973531 4.8389767 0.2856883 0.2934065 0.1257553 0.0646431 0.1287803 0.1242083 0.2702734 0.2852383 5.4296767 0.2839366 0.2556837 0.0032574 5.4460468 0.2728010 0.2803180 
GCOL3776-16_Tetrops_praeustus_COI-5P_KU918968_size_3_                                                                                  0.1856606 0.2950611 0.2698196 0.1530337 0.0000010 0.2581252 0.0030399 0.2886312 0.2578806 0.1549656 0.7242587 0.2489633 0.1424133 0.2978388 0.2588158 0.2821545 0.0015162 0.2794692 0.2754827 0.2981220 0.0045744 0.1501378 0.3254010 0.2794047 0.2946827 0.2851560 0.2728003 0.2987713 0.1520583 0.2821853 0.2772347 0.1509117 0.1391832 0.2744949 0.2794971 0.2988302 0.2646907 0.2765904 0.0000000 0.2934298 0.2713686 0.1876958 0.2613412 0.1576267 0.1531562 0.1556290 0.1475427 0.2841675 0.2858010 0.2768664 0.1615982 0.2792797 0.1526759 0.2451079 0.1598617 0.1551243 0.1530561 0.2952625 0.1518878 0.2893561 0.1555844 0.2782565 0.2526525 0.1504754 0.2508920 0.1535886 7.2378986 0.0036242 0.1580811 0.2858326 0.2515477 0.2795332 0.2845830 0.1464204 0.1564413 8.8868601 0.1482726 0.1427584 0.2810387 8.0996456 0.1482978 0.0036555 
GBCOU360-13_Phytoecia_coerulescens_COI-5P_KM443759_size_3_                                                                             0.2806753 0.0030600 0.1273094 0.2827829 0.2927790 0.1341938 0.2938292 0.0030649 0.1084186 0.2854823 0.6359307 0.1166735 0.2708780 0.0031080 0.1298710 0.0273334 0.2948305 0.1133380 0.1273909 0.0046011 0.2975403 0.2828611 0.1537825 0.1298139 0.0045971 0.0272141 0.1267885 0.0046044 0.2806533 0.0308289 0.1229045 0.2816771 0.2648115 0.0121044 0.1195908 0.0046057 0.0046482 0.1226926 0.2934298 0.0000000 0.1274288 0.2838996 0.1284061 0.3053369 0.2904198 0.2865345 0.2765675 0.0097920 0.1294112 0.1305889 0.3047276 0.1246539 0.2930045 0.1377767 0.2976595 0.2871608 0.2801754 0.0263378 0.2784768 0.1267863 0.2790579 0.1312919 0.0817054 0.2764869 0.0837821 0.2839437 5.3857733 0.3053636 0.3005002 0.0030735 0.1182927 0.0306944 0.0098734 0.2664094 0.2853029 6.6091082 0.2751022 0.2596589 0.1338080 5.8351083 0.2950531 0.3008944 
GBCLC1883-19_Phytoecia_affinis_COI-5P_MH020472_size_2_                                                                                 0.2702937 0.1321032 0.0827298 0.2824018 0.2713686 0.0824103 0.2724020 0.1271822 0.0724291 0.2805299 0.6766281 0.0841420 0.2713485 0.1321210 0.0777453 0.1198573 0.2752299 0.0755486 0.0855344 0.1345283 0.2762153 0.2795089 0.1204439 0.0016387 0.1321032 0.1193160 0.0848156 0.1347503 0.2809190 0.1206065 0.0818702 0.2804570 0.2691587 0.1226053 0.0807562 0.1347939 0.1199170 0.0817322 0.2713686 0.1274288 0.0000000 0.2704383 0.0629141 0.3060782 0.2807076 0.2864050 0.2734678 0.1287183 0.0239392 0.0016356 0.3055423 0.0238595 0.2920535 0.0722193 0.3009279 0.2805707 0.2809190 0.1207117 0.2805174 0.0861927 0.2784293 0.0100210 0.1234356 0.2809190 0.1225486 0.2836395 6.0108838 0.2822857 0.3009279 0.1289125 0.0899254 0.1200596 0.1275013 0.2693012 0.2809190 6.4141082 0.2759660 0.2597198 0.0827298 6.2563151 0.2862385 0.2742428 
